2865928537,224008115Charles
2MSBHVE
287357040
2b
25hours
2581827535
2581827535
20122952
2fumin
247163569
2ephaniah
287008
2306758816
21xhipster
2cside
2248157705
2yscw
2581827535
2581827535
2579161510
2581827535
2581827535
296604153
2no
2Exception
2581827535
2581827535
2014Roy
254988050
29745560
253855115
2581827535
2581827535
2581827535
21451061
2581827535
2581827535
2581827535
2581827535
2579161510
2581827535
2Exception
222diot
2581827535
2581827535
2581827535
2581827535
2581827535
222diot
203Monitor
2581827535
222diot
2581827535
29745560
2581827535
2fx0one
2581827535
253855115
203Monitor
200895045
2581827535
200895045
2016321
200895045
2581827535
2581827535
2581827535
2yscw
2581827535
2581827535
296604153
2yscw
200895045
2581827535
2581827535
2665867688
211Yang
2581827535
2581827535
2581827535
2Exception
2306758816
2248157705
2581827535
222diot
2033723741
2581827535
273172071
222diot
2581827535
2581827535
222diot
2581827535
2067303850
2581827535
2-D
222diot
2581827535
2581827535
2581827535
287116078
252748371
2581827535
2579161510
2581827535
21451061
