6farer,627443839,668477,6543,6ag
630543057
654138926qq
6h057
6008
6ag
627171314
616900857
616900857
616900857
6ag
694973545
602147629
6Six
616900857
616900857
616900857
616900857
694973545
643824979
690858187
616900857
690858187
616900857
616900857
6ag
616900857
619455272
675088349
690858187
616900857
6ag
690858187
616900857
616900857
6david9
6ag
675767159
694551594
616900857
6ag
690858187
616900857
6ag
6ag
616900857
616900857
616900857
690713748
690858187
690858187
616900857
616900857
690858187
692382370
616900857
616900857
623637646
6david9
616900857
623637646
6isixi
605965025
616900857
616900857
